
strategic_region={
	id=1
	name="STRATEGICREGION_1"
	provinces={
		31 39 41 71 72 86 87 89 97 106 122 134 149 158 159 185 228 243 251 265 270 276 278 281 300 353 355 375 393 396 440 464 488 497 553 555 569 599 650 656 662 696 711 723 756 782 787 792 806 816 835 849 855 862 872 890 937 948 980 1009 1035 1055 1085 1111 1124 1156 1196 1197 1213 1259 1263 1304 1317 1357 1366 1371 1390 1401 1426 1433 1465 1493 1498 1525 1527 1529 1563 1581 1616 1624 1660 1704 1737 1739 1755 1766 1807 1817 1835 1847 1853 1910 1954 1960 1973 1989 1998 2003 2024 2089 2116 2137 2139 2150 2157 2177 2204 2238 2261 2425 2428 2431 2448 2451 2470 2473 2493 2547 2608 2647 2660 2767 2817 2828 2841 2855 2870 2881 2929 3047 3052 3055 3082 3107 3109 3264 3327 3329 3373 3403 3578 3589 3623 3658 3715 3742 3781 3837 3902 3979 4004 4027 4075 4171 4225 4237 4288 4313 4332 4334 4359 4453 4466 4479 4552 4569 4607 4657 4672 4695 4697 4726 4784 4891 5060 5137 5192 5199 5223 5240 5264 5278 5350 5351 5353 5355 5361 5371 5379 5389 5398 5399 5405 5416 5428 5430 5434 5439 5450 5461 5465 5471 5476 5485 5514 5519 5525 5571 5610 5612 5630 5657 5898 5929 5968 6679 6730 7241 7419 7743 7808 7823 7834 7858 7862 7864 7884 7914 7921 7931 7937 7943 7953 7963 7972 7978 7986 7993 7994 8012 8029 8035 8047 8054 8076 8115 8117 8118 8122 8126 8128 8132 8146 8154 8166 8176 8177 8201 8224 8237 8261 8285 8290 8298 8321 8340 8387 8406 8410 8423 8426 8435 8444 8484 8491 8499 8501 8509 8527 8534 8590 8599 8615 8618 8623 8627 8635 8657 8659 8665 8678 8683 8686 8715 8759 8773 8778 8799 8801 8844 8856 8875 8876 8889 8896 8902 8919 8953 8974 8975 8983 8985 8986 8996 9014 9024 9031 9078 9095 9106 9122 9123 9132 9159 9160 9165 9206 9231 9235 9237 9276 9285 9322 9328 9356 9376 9390 9392 9397 9405 9406 9419 9441 9443 9459 9466 9485 9488 9506 9531 9536 9540 9547 9554 9563 9564 9586 9589 9602 9607 9620 9643 9647 9652 9653 9674 9683 9705 9724 9733 9740 9742 9760 9762 9775 9790 9804 9817 9836 9850 9859 9860 9894 9901 9919 9926 9938 9956 9966 9968 9976 9981 9986 9997 10027 10041 10061 10079 10089 10091 10097 10125 10127 10138 10154 10241 10254 10256 10290 10333 10336 10346 10347 10357 10360 10378 10389 10397 10402 10406 10413 10434 10445 10446 10493 10496 10520 10533 10549 10555 10559 10565 10570 10580 10585 10593 10601 10615 10619 10629 10637 10644 10679 10708 10720 10722 10729 10764 10769 10770 10781 10782 10785 10786 10788 10793 10796 10797 10800 10802 10804 10806 10810 10811 10812 10813 10814 10815 10816 10818 10819 10821 10822 10824 10825 10827 10828 10829 10830 10831 10832 10834 10837 10838 10841 10842 10843 10844 10845 10846 10847 10849 10850 10851 10852 10853 10854 10856 10857 10859 10860 10861 10862 10863 10864 10865 10866 10867 10868 10870 10871 10872 10873 10876 10878 10879 10880 10881 10882 10883 10886 10887 10888 10889 10890 10891 10893 10894 10895 10896 10897 10899 10900 10901 10903 10904 10905 10906 10908 10909 10910 10911 10912 10913 10914 10915 10916 10917 10918 10920 10922 10923 10924 10925 10926 10927 10929 10930 10931 10933 10934 10937 10938 10947 10952 10953 10956 10960 11751 12064 12065 12066 12067 12069 12071 
	}
	weather={
		period={
			between={ 0.0 30.0 }
			temperature={ -40.0 -12.0 }
			no_phenomenon=0.400
			rain_light=0.000
			rain_heavy=0.000
			snow=0.350
			blizzard=0.300
			arctic_water=0.000
			mud=0.500
			sandstorm=0.000
			min_snow_level=0.300
		}
		period={
			between={ 0.1 27.1 }
			temperature={ -39.0 -9.0 }
			no_phenomenon=0.400
			rain_light=0.000
			rain_heavy=0.000
			snow=0.350
			blizzard=0.300
			arctic_water=0.000
			mud=0.500
			sandstorm=0.000
			min_snow_level=0.200
		}
		period={
			between={ 0.2 30.2 }
			temperature={ -31.0 -10.0 }
			no_phenomenon=0.600
			rain_light=0.000
			rain_heavy=0.000
			snow=0.400
			blizzard=0.100
			arctic_water=0.000
			mud=0.500
			sandstorm=0.000
			min_snow_level=0.200
		}
		period={
			between={ 0.3 29.3 }
			temperature={ -22.0 1.0 }
			no_phenomenon=0.600
			rain_light=0.000
			rain_heavy=0.000
			snow=0.300
			blizzard=0.050
			arctic_water=0.000
			mud=0.500
			sandstorm=0.000
			min_snow_level=0.050
		}
		period={
			between={ 0.4 30.4 }
			temperature={ -12.0 7.0 }
			no_phenomenon=0.600
			rain_light=0.200
			rain_heavy=0.100
			snow=0.200
			blizzard=0.000
			arctic_water=0.000
			mud=0.500
			sandstorm=0.000
			min_snow_level=0.000
		}
		period={
			between={ 0.5 29.5 }
			temperature={ -2.0 17.0 }
			no_phenomenon=0.600
			rain_light=0.300
			rain_heavy=0.100
			snow=0.050
			blizzard=0.000
			arctic_water=0.000
			mud=0.500
			sandstorm=0.000
			min_snow_level=0.000
		}
		period={
			between={ 0.6 30.6 }
			temperature={ 6.0 22.0 }
			no_phenomenon=0.700
			rain_light=0.400
			rain_heavy=0.200
			snow=0.000
			blizzard=0.000
			arctic_water=0.000
			mud=0.500
			sandstorm=0.000
			min_snow_level=0.000
		}
		period={
			between={ 0.7 30.7 }
			temperature={ 2.0 18.0 }
			no_phenomenon=0.700
			rain_light=0.400
			rain_heavy=0.200
			snow=0.000
			blizzard=0.000
			arctic_water=0.000
			mud=0.500
			sandstorm=0.000
			min_snow_level=0.000
		}
		period={
			between={ 0.8 29.8 }
			temperature={ -4.0 13.0 }
			no_phenomenon=0.300
			rain_light=0.000
			rain_heavy=0.000
			snow=0.300
			blizzard=0.050
			arctic_water=0.000
			mud=0.500
			sandstorm=0.000
			min_snow_level=0.000
		}
		period={
			between={ 0.9 30.9 }
			temperature={ -17.0 5.0 }
			no_phenomenon=0.200
			rain_light=0.000
			rain_heavy=0.000
			snow=0.400
			blizzard=0.100
			arctic_water=0.000
			mud=0.500
			sandstorm=0.000
			min_snow_level=0.000
		}
		period={
			between={ 0.10 29.10 }
			temperature={ -34.0 -8.0 }
			no_phenomenon=0.500
			rain_light=0.000
			rain_heavy=0.000
			snow=0.300
			blizzard=0.200
			arctic_water=0.000
			mud=0.500
			sandstorm=0.000
			min_snow_level=0.050
		}
		period={
			between={ 0.11 30.11 }
			temperature={ -39.0 -13.0 }
			no_phenomenon=0.400
			rain_light=0.000
			rain_heavy=0.000
			snow=0.500
			blizzard=0.350
			arctic_water=0.000
			mud=0.500
			sandstorm=0.000
			min_snow_level=0.100
		}
	}
}
