
strategic_region={
	id=24
	name="STRATEGICREGION_24"
	provinces={
		4 15 18 20 42 61 79 128 128 130 147 165 188 219 222 250 267 299 302 304 309 336 368 378 380 383 401 417 436 455 518 525 530 556 564 574 586 646 663 665 665 666 667 686 707 719 740 741 746 758 788 789 794 794 808 808 832 838 846 850 857 857 892 893 914 945 958 960 982 990 1029 1056 1063 1115 1139 1142 1143 1145 1161 1161 1167 1174 1199 1202 1217 1234 1234 1254 1289 1345 1362 1376 1376 1425 1435 1474 1496 1501 1512 1588 1607 1608 1617 1636 1694 1710 1712 1757 1771 1786 1787 1803 1844 1867 1906 1913 1928 1928 1932 1932 1937 1943 1950 1977 2069 2092 2153 2195 2198 2214 2271 2345 2348 2367 2373 2380 2394 2405 2417 2430 2430 2445 2487 2508 2516 2516 2530 2538 2548 2568 2584 2586 2617 2666 2672 2677 2688 2696 2709 2765 2806 2822 2825 2851 2886 2889 2889 2894 2894 2896 2940 2945 2945 2962 2963 3001 3002 3002 3089 3089 3108 3116 3129 3131 3150 3169 3218 3219 3239 3246 3269 3280 3287 3291 3291 3303 3310 3358 3377 3406 3408 3412 3424 3434 3434 3450 3481 3487 3554 3582 3605 3624 3636 3651 3680 3754 3760 3768 3822 3822 3858 3897 3945 3945 3947 3958 3967 3977 3990 4048 4064 4099 4119 4122 4129 4140 4140 4162 4231 4253 4258 4275 4287 4367 4373 4385 4402 4425 4425 4434 4460 4494 4497 4505 4541 4564 4564 4566 4597 4602 4605 4621 4636 4683 4688 4709 4711 4713 4713 4715 4721 4785 4788 4828 4828 4868 4868 4874 4880 4884 4952 4965 4972 4986 4994 5038 5048 5079 5082 5093 5094 5099 5114 5120 5134 5164 5167 5306 5316 5316 5345 5346 5357 5363 5367 5374 5374 5422 5422 5451 5468 5526 5792 5851 6226 6283 6311 6316 6336 6350 6359 6394 6414 6436 6450 6451 6478 6487 6497 6510 6516 6538 6560 6579 6603 6628 6631 6637 6647 6653 6662 6681 6686 6686 6703 6708 6708 6728 6744 6753 6753 6759 6759 6779 6779 6781 6793 6793 6805 6844 6859 6877 6881 6885 6888 6892 6902 6907 6911 6916 6924 6927 6928 6960 6968 6981 6987 7000 7019 7027 7031 7044 7047 7053 7055 7068 7073 7095 7116 7299 7842 7847 7850 7855 7867 7872 7888 7891 7895 7929 7944 7969 7975 7976 8003 8010 8032 8072 8085 8088 8091 8111 8114 8127 8134 8151 8152 8202 8220 8233 8247 8249 8310 8314 8339 8386 8409 8415 8459 8479 8500 8505 8528 8582 8688 8761 8797 8824 8826 8832 8833 8845 8848 8866 8925 8944 8946 9009 9022 9023 9027 9164 9215 9278 9292 9308 9326 9339 9354 9361 9366 9369 9371 9377 9388 9401 9413 9436 9439 9548 9582 9591 9616 9624 9636 9645 9657 9714 9770 9771 9792 9797 9802 9855 9891 9900 9904 9918 9959 9991 10009 10011 10033 10039 10060 10084 10112 10121 10129 10193 10226 10245 10253 10260 10262 10272 10278 10288 10320 10329 10355 10368 10375 10393 10431 10481 10489 10499 10529 10547 10568 10579 10595 10624 10655 10671 10677 10703 10724 10752 10767 10771 10784 10789 10794 10836 10848 10855 10858 10869 10874 10875 10877 10884 10885 10892 11042 11060 11061 11076 11151 11157 11163 11175 11186 11187 11190 11197 11204 11208 11218 11221 11225 11227 11234 11240 11243 11250 11255 11257 11258 11266 11268 11276 11280 11285 11291 11308 11310 11312 11313 11314 11323 11324 11329 11333 11336 11348 11354 11355 11364 11365 11368 11373 11377 11378 11390 11409 11433 11440 11496 11527 11546 12068 
	}
	weather={
		period={
			between={ 0.0 30.0 }
			temperature={ -22.0 2.0 }
			no_phenomenon=0.250
			rain_light=0.100
			rain_heavy=0.050
			snow=0.400
			blizzard=0.200
			arctic_water=0.000
			mud=1.300
			sandstorm=0.000
			min_snow_level=0.000
		}
		period={
			between={ 0.1 27.1 }
			temperature={ -23.0 5.0 }
			no_phenomenon=0.300
			rain_light=0.100
			rain_heavy=0.050
			snow=0.400
			blizzard=0.150
			arctic_water=0.000
			mud=1.300
			sandstorm=0.000
			min_snow_level=0.000
		}
		period={
			between={ 0.2 30.2 }
			temperature={ -12.0 14.0 }
			no_phenomenon=0.400
			rain_light=0.150
			rain_heavy=0.050
			snow=0.300
			blizzard=0.100
			arctic_water=0.000
			mud=1.300
			sandstorm=0.000
			min_snow_level=0.000
		}
		period={
			between={ 0.3 29.3 }
			temperature={ 3.0 20.0 }
			no_phenomenon=0.500
			rain_light=0.450
			rain_heavy=0.100
			snow=0.150
			blizzard=0.000
			arctic_water=0.000
			mud=1.300
			sandstorm=0.000
			min_snow_level=0.000
		}
		period={
			between={ 0.4 30.4 }
			temperature={ 10.0 27.0 }
			no_phenomenon=0.500
			rain_light=0.400
			rain_heavy=0.100
			snow=0.000
			blizzard=0.000
			arctic_water=0.000
			mud=1.300
			sandstorm=0.000
			min_snow_level=0.000
		}
		period={
			between={ 0.5 29.5 }
			temperature={ 16.0 33.0 }
			no_phenomenon=0.500
			rain_light=0.250
			rain_heavy=0.150
			snow=0.000
			blizzard=0.000
			arctic_water=0.000
			mud=1.300
			sandstorm=0.000
			min_snow_level=0.000
		}
		period={
			between={ 0.6 30.6 }
			temperature={ 19.0 34.0 }
			no_phenomenon=0.500
			rain_light=0.250
			rain_heavy=0.150
			snow=0.000
			blizzard=0.000
			arctic_water=0.000
			mud=1.300
			sandstorm=0.000
			min_snow_level=0.000
		}
		period={
			between={ 0.7 30.7 }
			temperature={ 18.0 33.0 }
			no_phenomenon=0.500
			rain_light=0.250
			rain_heavy=0.150
			snow=0.000
			blizzard=0.000
			arctic_water=0.000
			mud=1.300
			sandstorm=0.000
			min_snow_level=0.000
		}
		period={
			between={ 0.8 29.8 }
			temperature={ 10.0 27.0 }
			no_phenomenon=0.500
			rain_light=0.250
			rain_heavy=0.150
			snow=0.000
			blizzard=0.000
			arctic_water=0.000
			mud=1.300
			sandstorm=0.000
			min_snow_level=0.000
		}
		period={
			between={ 0.9 30.9 }
			temperature={ 1.0 18.0 }
			no_phenomenon=0.450
			rain_light=0.200
			rain_heavy=0.100
			snow=0.150
			blizzard=0.000
			arctic_water=0.000
			mud=1.300
			sandstorm=0.000
			min_snow_level=0.000
		}
		period={
			between={ 0.10 29.10 }
			temperature={ -10.0 11.0 }
			no_phenomenon=0.350
			rain_light=0.200
			rain_heavy=0.150
			snow=0.200
			blizzard=0.100
			arctic_water=0.000
			mud=1.300
			sandstorm=0.000
			min_snow_level=0.000
		}
		period={
			between={ 0.11 30.11 }
			temperature={ -18.0 5.0 }
			no_phenomenon=0.200
			rain_light=0.130
			rain_heavy=0.070
			snow=0.450
			blizzard=0.150
			arctic_water=0.000
			mud=1.300
			sandstorm=0.000
			min_snow_level=0.000
		}
	}
}
