
strategic_region={
	id=32
	name="STRATEGICREGION_32"
	provinces={
		5 9 11 21 22 27 37 50 64 91 112 136 140 150 152 181 206 233 258 288 324 335 347 359 364 376 444 472 541 547 591 645 651 687 700 701 721 766 775 777 800 803 812 818 823 854 900 915 916 1000 1001 1175 1242 1246 1270 1292 1318 1355 1368 1370 1400 1406 1452 1454 1462 1471 1600 1627 1633 1677 1706 1712 1724 1756 1767 1779 1809 1818 1837 1866 1874 1951 2000 2039 2052 2072 2084 2094 2138 2152 2169 2236 2248 2352 2353 2368 2457 2463 2504 2528 2536 2602 2761 2773 2804 2816 2823 2829 2854 2893 3025 3059 3094 3117 3118 3123 3195 3263 3375 3397 3400 3402 3415 3475 3633 3634 3645 3660 3670 3672 3675 3686 3704 3707 3722 3745 3753 3932 4053 4076 4094 4104 4113 4121 4170 4176 4195 4219 4241 4269 4271 4366 4405 4410 4433 4485 4526 4535 4563 4598 4609 4645 4649 4738 4773 4786 4817 4824 4897 4914 4943 5008 5022 5057 5068 5160 5162 5170 5173 5185 5194 5231 5241 5271 5311 5313 7147 7153 7159 7167 7203 7217 7226 7229 7243 7276 7284 7285 7304 7308 7334 7351 7357 7367 7372 7378 7392 7398 7404 7405 7408 7418 7433 7438 7443 7454 7469 7476 7477 7485 7497 7499 7500 7505 7509 7510 7512 7515 7516 7525 7528 7530 7532 7534 7541 7546 7547 7548 7552 7553 7560 7567 7570 7571 7573 7584 7603 7624 7644 7659 7669 7681 7751 7752 7756 7780 7813 7816 7838 7854 7866 7896 7897 7919 7946 7948 7974 7979 7983 7997 8000 8051 8067 8069 8078 8101 8109 8121 8139 8161 8200 8253 8254 8287 8341 8344 8345 8352 8396 8438 8445 8496 8510 8516 8522 8561 8596 8616 8628 8637 8646 8681 8682 8685 8725 8794 8816 8820 8823 8846 8853 8863 8867 8874 8877 8897 8923 8930 8936 8938 8988 8990 9015 9020 9035 9059 9062 9066 9108 9119 9129 9141 9151 9161 9166 9169 9172 9226 9298 9323 9330 9335 9353 9367 9430 9454 9456 9457 9460 9462 9463 9467 9481 9509 9513 9518 9520 9573 9576 9600 9613 9615 9623 9739 9757 9767 9812 9831 9846 9870 9907 9920 9944 9953 9984 9993 10000 10013 10031 10035 10050 10068 10078 10131 10142 10156 10161 10167 10191 10197 10224 10248 10265 10276 10277 10286 10287 10327 10330 10332 10363 10364 10367 10373 10387 10410 10416 10436 10451 10453 10497 10500 10539 10561 10571 10587 10590 10611 10623 10646 10647 10649 10676 10706 10717 10730 10747 10773 10783 10790 10791 10798 10801 10803 10805 10807 10809 10817 10820 10823 11588 11601 11602 11612 11614 11624 11631 11636 11653 11667 11680 11691 11698 11702 11705 11709 11712 11714 11716 11717 11722 11725 11726 11730 11733 11735 11743 11744 11749 11752 11760 11764 11770 11772 11773 11775 11776 11777 11782 11784 11791 11795 11799 11801 11805 11806 11808 11814 11815 11816 11819 11820 11825 11827 11835 11838 11839 11849 11857 11866 11964 11967 11968 11978 11990 11991 11994 11995 11996 12010 12012 12016 12030 12041 12113 12214 
	}
	weather={
		period={
			between={ 0.0 30.0 }
			temperature={ -22.0 2.0 }
			no_phenomenon=0.250
			rain_light=0.100
			rain_heavy=0.050
			snow=0.400
			blizzard=0.200
			arctic_water=0.000
			mud=1.300
			sandstorm=0.000
			min_snow_level=0.000
		}
		period={
			between={ 0.1 27.1 }
			temperature={ -23.0 5.0 }
			no_phenomenon=0.300
			rain_light=0.100
			rain_heavy=0.050
			snow=0.400
			blizzard=0.150
			arctic_water=0.000
			mud=1.300
			sandstorm=0.000
			min_snow_level=0.000
		}
		period={
			between={ 0.2 30.2 }
			temperature={ -12.0 14.0 }
			no_phenomenon=0.400
			rain_light=0.150
			rain_heavy=0.050
			snow=0.300
			blizzard=0.100
			arctic_water=0.000
			mud=1.300
			sandstorm=0.000
			min_snow_level=0.000
		}
		period={
			between={ 0.3 29.3 }
			temperature={ 3.0 20.0 }
			no_phenomenon=0.500
			rain_light=0.450
			rain_heavy=0.100
			snow=0.150
			blizzard=0.000
			arctic_water=0.000
			mud=1.300
			sandstorm=0.000
			min_snow_level=0.000
		}
		period={
			between={ 0.4 30.4 }
			temperature={ 10.0 27.0 }
			no_phenomenon=0.500
			rain_light=0.400
			rain_heavy=0.100
			snow=0.000
			blizzard=0.000
			arctic_water=0.000
			mud=1.300
			sandstorm=0.000
			min_snow_level=0.000
		}
		period={
			between={ 0.5 29.5 }
			temperature={ 16.0 33.0 }
			no_phenomenon=0.500
			rain_light=0.250
			rain_heavy=0.150
			snow=0.000
			blizzard=0.000
			arctic_water=0.000
			mud=1.300
			sandstorm=0.000
			min_snow_level=0.000
		}
		period={
			between={ 0.6 30.6 }
			temperature={ 19.0 34.0 }
			no_phenomenon=0.500
			rain_light=0.250
			rain_heavy=0.150
			snow=0.000
			blizzard=0.000
			arctic_water=0.000
			mud=1.300
			sandstorm=0.000
			min_snow_level=0.000
		}
		period={
			between={ 0.7 30.7 }
			temperature={ 18.0 33.0 }
			no_phenomenon=0.500
			rain_light=0.250
			rain_heavy=0.150
			snow=0.000
			blizzard=0.000
			arctic_water=0.000
			mud=1.300
			sandstorm=0.000
			min_snow_level=0.000
		}
		period={
			between={ 0.8 29.8 }
			temperature={ 10.0 27.0 }
			no_phenomenon=0.500
			rain_light=0.250
			rain_heavy=0.150
			snow=0.000
			blizzard=0.000
			arctic_water=0.000
			mud=1.300
			sandstorm=0.000
			min_snow_level=0.000
		}
		period={
			between={ 0.9 30.9 }
			temperature={ 1.0 18.0 }
			no_phenomenon=0.450
			rain_light=0.200
			rain_heavy=0.100
			snow=0.150
			blizzard=0.000
			arctic_water=0.000
			mud=1.300
			sandstorm=0.000
			min_snow_level=0.000
		}
		period={
			between={ 0.10 29.10 }
			temperature={ -10.0 11.0 }
			no_phenomenon=0.350
			rain_light=0.200
			rain_heavy=0.150
			snow=0.200
			blizzard=0.100
			arctic_water=0.000
			mud=1.300
			sandstorm=0.000
			min_snow_level=0.000
		}
		period={
			between={ 0.11 30.11 }
			temperature={ -18.0 5.0 }
			no_phenomenon=0.200
			rain_light=0.130
			rain_heavy=0.070
			snow=0.450
			blizzard=0.150
			arctic_water=0.000
			mud=1.300
			sandstorm=0.000
			min_snow_level=0.000
		}
	}
}
