
strategic_region={
	id=95
	name="STRATEGICREGION_95"
	provinces={
		7805 7838 7868 7874 7905 7925 7942 7947 7957 7965 7970 7979 7985 7987 8006 8009 8028 8044 8049 8051 8057 8058 8065 8081 8082 8090 8097 8104 8108 8121 8125 8133 8150 8165 8183 8188 8192 8194 8207 8216 8235 8246 8251 8253 8257 8267 8283 8284 8294 8318 8328 8334 8344 8368 8390 8396 8405 8411 8433 8448 8450 8456 8474 8496 8511 8512 8515 8518 8530 8540 8541 8543 8548 8550 8556 8574 8577 8581 8586 8602 8604 8613 8626 8634 8640 8642 8653 8654 8663 8681 8703 8709 8725 8727 8734 8747 8770 8780 8788 8808 8820 8863 8883 8885 8893 8912 8915 8917 8927 8931 8934 8935 8936 8942 8962 8965 8967 8976 8978 8982 8991 8995 8998 9003 9007 9008 9013 9015 9020 9036 9038 9048 9055 9059 9060 9084 9089 9098 9104 9121 9128 9142 9149 9161 9166 9171 9172 9173 9177 9178 9186 9188 9201 9218 9223 9246 9258 9267 9274 9282 9283 9287 9297 9306 9311 9323 9330 9335 9337 9345 9349 9360 9362 9379 9412 9417 9420 9430 9444 9454 9468 9479 9481 9486 9489 9522 9553 9558 9572 9573 9590 9598 9599 9600 9603 9605 9621 9625 9631 9644 9650 9651 9658 9665 9671 9688 9702 9726 9736 9737 9748 9757 9758 9763 9764 9776 9777 9785 9794 9798 9805 9807 9814 9829 9831 9873 9879 9880 9888 9889 9902 9911 9917 9922 9925 9935 9945 9953 9955 9957 9961 9962 9977 9982 9984 9985 9990 9999 10003 10042 10050 10051 10072 10075 10081 10087 10110 10131 10132 10171 10190 10192 10195 10197 10204 10208 10223 10227 10240 10246 10248 10255 10258 10259 10293 10303 10316 10321 10327 10338 10339 10340 10343 10348 10356 10374 10376 10386 10403 10425 10447 10454 10456 10458 10473 10478 10479 10483 10485 10512 10518 10521 10524 10539 10542 10560 10584 10590 10599 10611 10622 10631 10643 10652 10653 10657 10659 10661 10667 10668 10676 10678 10688 10709 10713 10716 10740 11882 11886 11887 11889 11893 11894 11898 11899 11908 11909 11912 11914 11915 11918 11920 11921 11923 11924 11925 11927 11928 11931 11937 11938 11940 11942 11944 11945 11947 11948 11951 11953 11955 11959 11962 11963 11964 11966 11967 11968 11973 11976 11977 11978 11981 11982 11984 11985 11986 11990 11991 11992 11994 11995 11996 12000 12002 12004 12007 12008 12010 12011 12012 12013 12015 12016 12018 12022 12024 12025 12029 12030 12031 12033 12034 12035 12036 12037 12038 12039 12040 12041 12043 12045 12046 12047 12048 12049 12050 12052 12054 12055 12056 12060 12061 
	}
	weather={
		period={
			between={ 0.0 30.0 }
			temperature={ 12.0 26.0 }
			no_phenomenon=0.920
			rain_light=0.050
			rain_heavy=0.030
			snow=0.000
			blizzard=0.000
			arctic_water=0.000
			mud=0.500
			sandstorm=0.000
			min_snow_level=0.000
		}
		period={
			between={ 0.1 27.1 }
			temperature={ 15.0 29.0 }
			no_phenomenon=0.900
			rain_light=0.050
			rain_heavy=0.050
			snow=0.000
			blizzard=0.000
			arctic_water=0.000
			mud=0.500
			sandstorm=0.000
			min_snow_level=0.000
		}
		period={
			between={ 0.2 30.2 }
			temperature={ 19.0 33.0 }
			no_phenomenon=0.820
			rain_light=0.050
			rain_heavy=0.130
			snow=0.000
			blizzard=0.000
			arctic_water=0.000
			mud=0.500
			sandstorm=0.000
			min_snow_level=0.000
		}
		period={
			between={ 0.3 29.3 }
			temperature={ 21.0 36.0 }
			no_phenomenon=0.700
			rain_light=0.050
			rain_heavy=0.250
			snow=0.000
			blizzard=0.000
			arctic_water=0.000
			mud=0.500
			sandstorm=0.000
			min_snow_level=0.000
		}
		period={
			between={ 0.4 30.4 }
			temperature={ 22.0 35.0 }
			no_phenomenon=0.600
			rain_light=0.400
			rain_heavy=0.100
			snow=0.000
			blizzard=0.000
			arctic_water=0.000
			mud=0.500
			sandstorm=0.000
			min_snow_level=0.000
		}
		period={
			between={ 0.5 29.5 }
			temperature={ 22.0 35.0 }
			no_phenomenon=0.400
			rain_light=0.400
			rain_heavy=0.100
			snow=0.000
			blizzard=0.000
			arctic_water=0.000
			mud=0.500
			sandstorm=0.000
			min_snow_level=0.000
		}
		period={
			between={ 0.6 30.6 }
			temperature={ 23.0 35.0 }
			no_phenomenon=0.200
			rain_light=0.500
			rain_heavy=0.300
			snow=0.000
			blizzard=0.000
			arctic_water=0.000
			mud=0.500
			sandstorm=0.000
			min_snow_level=0.000
		}
		period={
			between={ 0.7 30.7 }
			temperature={ 22.0 35.0 }
			no_phenomenon=0.200
			rain_light=0.500
			rain_heavy=0.300
			snow=0.000
			blizzard=0.000
			arctic_water=0.000
			mud=0.500
			sandstorm=0.000
			min_snow_level=0.000
		}
		period={
			between={ 0.8 29.8 }
			temperature={ 22.0 35.0 }
			no_phenomenon=0.300
			rain_light=0.500
			rain_heavy=0.200
			snow=0.000
			blizzard=0.000
			arctic_water=0.000
			mud=0.500
			sandstorm=0.000
			min_snow_level=0.000
		}
		period={
			between={ 0.9 30.9 }
			temperature={ 21.0 33.0 }
			no_phenomenon=0.600
			rain_light=0.350
			rain_heavy=0.050
			snow=0.000
			blizzard=0.000
			arctic_water=0.000
			mud=0.500
			sandstorm=0.000
			min_snow_level=0.000
		}
		period={
			between={ 0.10 29.10 }
			temperature={ 17.0 30.0 }
			no_phenomenon=0.900
			rain_light=0.050
			rain_heavy=0.050
			snow=0.000
			blizzard=0.000
			arctic_water=0.000
			mud=0.500
			sandstorm=0.000
			min_snow_level=0.000
		}
		period={
			between={ 0.11 30.11 }
			temperature={ 12.0 26.0 }
			no_phenomenon=0.950
			rain_light=0.050
			rain_heavy=0.000
			snow=0.000
			blizzard=0.000
			arctic_water=0.000
			mud=0.500
			sandstorm=0.000
			min_snow_level=0.000
		}
	}
}
