43;floating_harbor;4115.00;9.50;1390.00;-4.10;434
123;floating_harbor;4565.00;9.50;891.00;-2.91;1205
152;floating_harbor;4655.00;9.70;703.00;-3.12;3757
205;floating_harbor;4563.90;9.50;924.15;-1.41;2690
162;floating_harbor;4652.00;9.50;814.00;-4.39;5297
151;floating_harbor;4606.00;9.50;612.00;-3.14;7377
2;floating_harbor;3286.95;9.50;1833.95;-0.79;5446
4;floating_harbor;3260.74;9.50;1529.13;1.11;5880
5;floating_harbor;3488.13;9.50;1499.74;-2.68;5933
6;floating_harbor;3528.00;9.50;1502.00;1.57;5929
7;floating_harbor;3453.00;10.43;1258.00;-3.54;6392
8;floating_harbor;3405.40;9.50;1881.50;0.38;5402
18;floating_harbor;3653.90;9.50;1881.15;-1.41;5285
20;floating_harbor;3566.00;9.50;1203.00;-3.14;6488
21;floating_harbor;3735.00;9.50;1876.00;0.00;5407
37;floating_harbor;4022.00;9.50;1309.00;-3.39;6292
38;floating_harbor;3650.60;9.50;1116.50;-2.76;6620
39;floating_harbor;3740.00;9.50;1029.00;-3.14;6751
42;floating_harbor;4115.00;9.50;1390.00;-4.04;6111
46;floating_harbor;4057.00;10.07;1349.00;-2.68;6239
47;floating_harbor;3766.00;9.50;1901.00;-3.14;5388
60;floating_harbor;3955.00;9.50;1254.00;-0.67;6459
62;floating_harbor;3834.60;9.50;924.80;-2.21;6917
64;floating_harbor;3887.00;9.50;1190.00;-0.14;6536
124;floating_harbor;4637.30;9.50;836.21;-3.39;7049
133;floating_harbor;3818.27;9.50;856.08;-4.43;7011
134;floating_harbor;3732.37;9.50;622.86;-0.20;7394
148;floating_harbor;4324.37;9.50;520.14;-2.94;7506
149;floating_harbor;4356.87;9.50;493.74;-3.61;7523
150;floating_harbor;4416.30;9.50;574.21;-3.39;7444
158;floating_harbor;4569.95;9.50;878.87;-1.45;6983
159;floating_harbor;4621.00;9.50;844.00;0.00;7052
161;floating_harbor;4670.26;9.50;791.13;-1.11;7133
163;floating_harbor;4670.26;9.50;756.87;-2.03;7182
164;floating_harbor;4667.00;9.50;761.00;-4.55;7176
166;floating_harbor;4667.50;9.50;792.60;1.19;7126
167;floating_harbor;4655.00;9.70;703.00;-3.28;7210
168;floating_harbor;4558.40;9.50;582.00;0.54;7455
189;floating_harbor;4460.00;9.50;543.00;-3.68;7494
190;floating_harbor;4505.00;9.50;318.00;-2.19;7640
193;floating_harbor;4381.87;9.50;281.26;0.46;7682
195;floating_harbor;4302.13;9.50;131.95;0.12;7755
196;floating_harbor;4193.40;9.50;158.00;0.54;7743
197;floating_harbor;4104.00;9.50;4.00;1.57;7797
198;floating_harbor;4030.13;9.50;60.74;-2.68;4815
215;floating_harbor;3805.18;9.50;1067.88;0.98;6718
218;floating_harbor;3989.00;9.50;1281.00;-4.16;1722
219;floating_harbor;3989.00;9.50;1281.00;-1.01;6438
221;floating_harbor;3867.60;9.50;635.50;-2.76;7360
222;floating_harbor;3944.05;9.50;607.05;-3.93;7401
225;floating_harbor;3821.21;9.50;762.70;1.33;7177
3;floating_harbor;3383.00;9.50;1770.00;1.57;534
1;supply_node;3834.00;10.65;2018.00;2.12;0
1;supply_node;3837.00;10.78;2037.00;2.98;0
1;bunker;3844.00;11.30;2030.00;5.47;0
1;coastal_bunker;3819.00;9.57;2027.00;-1.46;0
1;floating_harbor;145.00;9.50;1994.00;1.56;87
1;floating_harbor;3818.36;9.50;2043.21;1.25;2024
1;floating_harbor;3887.01;9.50;1940.27;1.53;3373
1;floating_harbor;27.00;9.50;1673.00;-4.71;3420
1;floating_harbor;96.00;9.50;1876.00;-4.71;3764
1;floating_harbor;3845.87;9.50;1978.74;-3.61;4027
1;floating_harbor;96.00;9.50;1876.00;1.57;5215
1;floating_harbor;27.00;9.50;1673.00;-4.70;5341
1;floating_harbor;145.00;9.50;1994.00;-4.71;5361
115;floating_harbor;33.00;9.50;1541.00;-4.71;850
115;floating_harbor;18.00;9.50;1470.00;1.57;873
115;floating_harbor;42.00;9.50;1418.00;-4.71;1167
115;floating_harbor;33.00;9.50;1541.00;1.57;1512
115;floating_harbor;27.00;9.50;1673.00;1.56;4721
130;floating_harbor;82.00;9.50;1308.00;-4.71;542
130;floating_harbor;26.00;9.50;1207.00;1.56;945
130;floating_harbor;26.00;9.50;1207.00;-4.71;1217
130;floating_harbor;42.00;9.50;1418.00;1.56;1661
130;floating_harbor;56.00;9.50;1045.00;-4.70;2092
130;floating_harbor;26.00;9.50;1207.00;1.57;2617
130;floating_harbor;82.00;9.50;1308.00;-4.71;3605
130;floating_harbor;82.00;9.50;1308.00;1.57;5038
130;floating_harbor;42.00;9.50;1418.00;1.57;6039
130;floating_harbor;26.00;9.50;1207.00;-4.70;6436
130;floating_harbor;56.00;9.50;1045.00;-4.70;6681
132;floating_harbor;33.00;9.50;820.00;-4.71;380
132;floating_harbor;56.00;9.50;1045.00;-4.71;586
132;floating_harbor;33.00;9.50;820.00;-4.70;846
132;floating_harbor;56.00;9.50;1045.00;1.55;1712
132;floating_harbor;56.00;9.50;1045.00;1.55;2367
132;floating_harbor;56.00;9.50;1045.00;1.57;2394
132;floating_harbor;56.00;9.50;1045.00;1.56;3089
184;floating_harbor;33.00;9.50;820.00;1.57;564
184;floating_harbor;62.00;9.50;650.00;-4.71;594
184;floating_harbor;68.00;9.50;470.00;-4.70;1874
184;floating_harbor;68.00;9.50;470.00;-4.70;2094
184;floating_harbor;68.00;9.50;470.00;-4.71;3118
184;floating_harbor;62.00;9.50;650.00;1.57;3402
184;floating_harbor;33.00;9.50;820.00;1.56;7167
184;floating_harbor;33.00;9.50;820.00;1.55;7234
184;floating_harbor;62.00;9.50;650.00;-4.71;7285
184;floating_harbor;68.00;9.50;470.00;-4.69;7419
201;floating_harbor;68.00;9.50;470.00;1.57;775
201;floating_harbor;35.00;9.50;363.00;1.57;1400
201;floating_harbor;47.00;9.50;89.00;-4.69;1559
201;floating_harbor;55.00;9.50;247.00;-4.71;4018
201;floating_harbor;55.00;9.50;247.00;1.57;4433
201;floating_harbor;35.00;9.50;363.00;-4.71;7613
200;floating_harbor;47.00;9.50;89.00;1.56;222
200;floating_harbor;47.00;9.50;89.00;-4.70;1168
200;floating_harbor;47.00;9.50;89.00;-4.71;2167
231;floating_harbor;3972.87;9.50;632.74;-3.61;298
231;floating_harbor;4037.01;9.50;654.30;-2.85;1814
231;floating_harbor;4038.93;9.50;643.01;-1.71;3769
231;floating_harbor;4006.48;9.50;615.62;-2.45;4068
231;floating_harbor;4022.56;9.50;621.69;-2.43;7373
232;floating_harbor;4061.13;9.50;671.74;-2.68;7292
142;floating_harbor;4256.70;9.50;689.21;-2.90;7277
232;floating_harbor;4077.00;9.50;674.00;-3.14;697
232;floating_harbor;4126.00;9.50;690.00;-3.85;866
232;floating_harbor;4096.13;9.50;680.05;-3.27;2534
232;floating_harbor;4122.21;9.50;691.36;-2.82;7249
142;floating_harbor;4145.37;9.50;674.14;-2.94;211
142;floating_harbor;4195.88;9.50;695.18;-2.55;2055
142;floating_harbor;4231.12;9.50;687.18;-3.73;4389
142;floating_harbor;4310.00;9.50;694.00;-3.14;4682
142;floating_harbor;4203.40;9.50;696.50;-3.52;7253
142;floating_harbor;4216.93;9.50;692.30;-3.76;7255
142;floating_harbor;4126.00;9.50;690.00;-4.19;7264
142;floating_harbor;4187.38;9.50;690.52;-2.27;7270
142;floating_harbor;4267.05;9.50;692.05;-3.93;7271
142;floating_harbor;4256.70;9.50;689.21;-2.90;7277
142;floating_harbor;4299.88;9.50;690.18;-2.55;7278