1 20 
1 27 
1 73 
1 76 
1 92 
1 125 
1 190 
1 209 
1 221 
1 252 
1 285 
1 360 
1 376 
1 431 
1 434 
1 449 
1 480 
1 504 
1 554 
1 627 
1 630 
1 693 
1 709 
1 771 
1 843 
1 844 
1 874 
1 880 
1 929 
1 950 
1 965 
1 966 
1 1041 
1 1122 
1 1171 
1 1193 
1 1194 
1 1217 
1 1273 
1 1296 
1 1374 
1 1376 
1 1405 
1 1412 
1 1476 
1 1506 
1 1512 
1 1523 
1 1543 
1 1546 
1 1550 
1 1572 
1 1621 
1 1636 
1 1662 
1 1720 
1 1727 
1 1732 
1 1746 
1 1749 
1 1822 
1 1832 
1 1846 
1 1856 
1 1906 
1 1912 
1 1946 
1 2051 
1 2074 
1 2090 
1 2148 
1 2161 
1 2183 
1 2201 
1 2202 
1 2203 
1 2237 
1 2279 
1 2310 
1 2362 
1 2412 
1 2453 
1 2477 
1 2550 
1 2589 
1 2604 
1 2630 
1 2656 
1 2658 
1 2671 
1 2721 
1 2830 
1 2885 
1 2911 
1 2920 
1 2988 
1 3018 
1 3070 
1 3071 
1 3086 
1 3119 
1 3166 
1 3197 
1 3229 
1 3273 
1 3289 
1 3293 
1 3338 
1 3406 
1 3416 
1 3442 
1 3444 
1 3446 
1 3477 
1 3506 
1 3512 
1 3585 
1 3632 
1 3645 
1 3653 
1 3667 
1 3727 
1 3810 
1 3811 
1 3815 
1 3820 
1 3846 
1 4030 
1 4046 
1 4049 
1 4050 
1 4066 
1 4121 
1 4150 
1 4219 
1 4234 
1 4309 
1 4316 
1 4326 
1 4331 
1 4354 
1 4397 
1 4400 
1 4439 
1 4452 
1 4462 
1 4489 
1 4499 
1 4509 
1 4537 
1 4571 
1 4590 
1 4614 
1 4621 
1 4670 
1 4685 
1 4688 
1 4729 
1 4778 
1 4782 
1 4789 
1 4793 
1 4817 
1 4935 
1 4937 
1 4946 
1 4974 
1 4997 
1 5018 
1 5022 
1 5059 
1 5061 
1 5093 
1 5094 
1 5097 
1 5156 
1 5225 
1 5226 
1 5297 
1 5301 
1 5417 
1 5445 
1 5447 
1 5521 
1 5627 
1 5658 
1 5659 
1 5699 
1 5809 
1 5849 
1 5868 
1 5876 
1 5931 
1 5961 
1 5985 
1 6001 
1 6044 
1 6073 
1 6081 
1 6151 
1 6231 
1 6245 
1 6248 
1 6260 
1 6262 
1 6277 
1 6354 
1 6399 
1 6417 
1 6487 
1 6491 
1 6540 
1 6550 
1 6662 
1 6694 
1 6724 
1 6736 
1 6739 
1 6753 
1 6795 
1 6809 
1 6845 
1 6863 
1 6906 
1 6955 
1 6985 
1 6992 
1 7008 
1 7028 
1 7054 
1 7067 
1 7114 
1 7127 
1 7168 
1 7176 
1 7182 
1 7184 
1 7219 
1 7222 
1 7231 
1 7261 
1 7265 
1 7274 
1 7313 
1 7332 
1 7360 
1 7380 
1 7401 
1 7410 
1 7478 
1 7636 
1 7646 
1 7653 
1 7658 
1 7697 
1 7704 
1 7747 
1 7804 
1 7866 
1 7867 
1 7899 
1 8179 
1 8479 
1 8810 
1 9062 
1 10160 
1 10161 
1 10286 
1 10373 
1 10710 
1 10767 
1 11014 
1 11186 
1 11308 
1 11624 
1 11680 
1 11791 
1 11839 
1 12068 
