
state={
	id=191
	name="STATE_191"
	resources={
		food=2.000
		cloth=2.000
		mounts=2.000
	}

	history={
		owner = HAR
		add_core_of = HAR
		add_core_of = HRN
		victory_points = {
			7636 6 
		}
		victory_points = {
			76 3 
		}
		victory_points = {
			7555 1 
		}
		victory_points = {
			7617 1 
		}
		buildings = {
			infrastructure = 1
			arms_factory = 1

		}

	}

	provinces={
		34 76 98 101 273 460 496 632 643 680 764 863 875 904 1137 1187 1230 1252 1256 1393 1463 1480 1487 1573 1613 1639 1690 1718 1719 1750 1777 1799 1975 2099 2111 2176 2184 2265 2274 2588 2706 2818 2873 2926 2990 3062 3211 3326 3497 3515 3615 3690 3701 3772 3840 4147 4267 4290 4319 4387 4427 4477 4608 4674 4706 4751 5044 5103 5113 5179 5349 7425 7447 7479 7483 7495 7502 7511 7514 7524 7535 7536 7539 7544 7550 7551 7555 7556 7559 7563 7575 7578 7579 7581 7582 7589 7590 7596 7597 7599 7607 7608 7617 7618 7628 7636 7638 7818 7836 
	}
	manpower=40600
	buildings_max_level_factor=1.000
	state_category=pastoral
	local_supplies=0.000
}
