
state={
	id=199
	name="STATE_199"
	resources={
		monsters=5.000
	}

	history={
		owner = HAR
		add_core_of = HAR

	}

	provinces={
		3 35 54 55 207 230 259 260 312 454 469 470 524 558 641 778 944 976 988 1003 1014 1054 1084 1183 1262 1295 1299 1302 1325 1423 1532 1576 1692 1711 1713 1735 1788 1982 2013 2142 2245 2491 2581 2694 2826 2905 2950 3079 3114 3240 3267 3366 3380 3409 3732 3737 3938 4124 4212 4221 4279 4302 4329 4347 4429 4549 4565 4763 4809 4981 5138 5328 7728 7734 7760 7764 7765 7785 7788 7789 7792 7794 7802 12079 12080 12081 
	}
	manpower=1807000
	buildings_max_level_factor=1.000
	state_category=wasteland
	local_supplies=0.000
}
