
state={
	id=200
	name="STATE_200"
	resources={
		monsters=5.000
	}

	history={
		owner = HAR
		add_core_of = HAR

	}

	provinces={
		1 38 88 114 117 239 271 272 315 337 374 459 502 516 546 563 616 625 649 661 677 685 734 795 891 903 962 972 985 1010 1136 1181 1195 1272 1316 1338 1396 1587 1638 1647 1675 1762 1816 1857 1916 1952 2163 2182 2226 2275 2306 2466 2481 2693 2695 2813 2839 2843 2964 2979 3242 3413 3458 3551 3556 3609 3777 3818 3853 3962 4003 4210 4265 4404 4417 4418 4451 4800 4808 4918 5011 5032 5140 5191 5291 5294 5347 7642 7673 7689 7705 7726 7733 7740 7767 7774 7803 
	}
	manpower=1321000
	buildings_max_level_factor=1.000
	state_category=wasteland
	impassable = yes
}
