
state={
	id=237
	name="STATE_237"

	history={
		owner = MED
		add_core_of = MED
		buildings = {
			infrastructure = 1

		}

	}

	provinces={
		7886 7901 7956 8034 8142 8155 8170 8174 8178 8227 8255 8299 8311 8319 8332 8364 8366 8373 8383 8389 8397 8425 8449 8481 8497 8523 8609 8621 8638 8639 8651 8716 8731 8741 8768 8791 8814 8857 8907 8909 8960 9018 9063 9064 9102 9144 9152 9176 9192 9202 9243 9255 9260 9271 9284 9296 9313 9383 9418 9469 9482 9500 9512 9538 9596 9618 9668 9709 9728 9781 9906 9914 9915 9924 9950 10004 10023 10029 10065 10090 10102 10119 10143 10234 10261 10297 10312 10315 10345 10354 10381 10460 10480 10488 10504 10541 10596 10603 10614 10641 10658 10675 10714 10932 10935 10940 10941 10943 10946 10955 10965 10969 10971 10972 10973 10974 10976 10980 10985 10991 10993 10996 10997 11002 11006 11008 11010 11013 11015 11018 11020 11022 11025 11027 11034 11035 11038 11041 11046 11048 11049 11050 11052 11064 
	}
	manpower=100000
	buildings_max_level_factor=1.000
	state_category=town
	local_supplies=0.000
}
