
state={
	id=239
	name="STATE_239"

	history={
		owner = MED
		add_core_of = MED
		buildings = {
			infrastructure = 1

		}

	}

	provinces={
		70 1099 5215 7811 7812 7902 7924 7951 8210 8228 8232 8260 8282 8351 8436 8521 8524 8670 8723 8789 8838 8842 9004 9148 9175 9268 9288 9347 9409 9660 9672 9673 9692 9769 9811 9848 10052 10067 10176 10189 10328 10337 10415 10420 10438 10450 10455 10685 10715 10743 10760 10835 10945 10949 10951 10954 10957 10958 10959 10961 10962 10970 10975 10979 10981 10982 10983 10988 10990 10992 10995 10998 11000 11003 11004 11005 
	}
	manpower=100000
	buildings_max_level_factor=1.000
	state_category=town
	local_supplies=0.000
}
