
state={
	id=244
	name="STATE_244"

	history={
		owner = LGR
		add_core_of = LGR
		buildings = {
			infrastructure = 1

		}

	}

	provinces={
		7841 7973 8163 8181 8356 8424 8462 8488 8589 8809 8870 8873 8921 8929 9006 9021 9138 9199 9259 9422 9458 9521 9568 9627 9862 9881 9884 10038 10118 10128 10173 10270 10444 10463 10636 10648 10756 10939 11001 11012 11021 11023 11024 11028 11029 11044 11053 11054 11055 11056 11059 11071 11072 11073 11085 11110 
	}
	manpower=100000
	buildings_max_level_factor=1.000
	state_category=town
	local_supplies=0.000
}
