
state={
	id=251
	name="STATE_251"

	history={
		owner = HIL
		add_core_of = HIL
		buildings = {
			infrastructure = 1

		}

	}

	provinces={
		7846 7863 7871 7992 8061 8079 8129 8219 8226 8317 8325 8357 8376 8378 8379 8404 8412 8470 8482 8483 8517 8555 8564 8576 8597 8689 8700 8717 8728 8752 8804 8864 8904 8918 8947 8968 9019 9033 9076 9091 9094 9118 9180 9196 9205 9244 9281 9302 9303 9320 9324 9336 9364 9370 9382 9399 9428 9450 9483 9496 9530 9543 9583 9606 9640 9659 9666 9679 9687 9711 9712 9731 9750 9791 9799 9834 9872 9909 9931 9940 9948 9949 10034 10106 10111 10150 10166 10170 10182 10213 10232 10283 10294 10318 10335 10351 10409 10435 10468 10475 10531 10546 10552 10674 10707 10728 11106 11109 11118 11137 11141 11142 11144 11150 11156 11166 11167 11168 11178 11179 11181 11188 11193 11195 11199 11203 11215 11216 11217 11223 11228 11233 11236 11239 11242 11245 11246 11247 11248 11249 11260 11263 11270 11271 11274 11275 11278 11279 11282 11284 11290 11293 11295 11299 11300 11304 11306 11317 11318 11322 11325 11328 11330 11332 11343 11349 11350 11356 11357 11363 11369 
	}
	manpower=100000
	buildings_max_level_factor=1.000
	state_category=town
	local_supplies=0.000
}
