state = {
	id = 258
	name = "STATE_258"
	state_category = town
	resources = {
	}
	history = {
		owner = RUN
		add_core_of = RUN
		buildings = {
			infrastructure = 1
		}
	}
	provinces = {
		7835 7880 7920 7932 8018 8038 8042 8050 8070 8185 8187 8206 8230 8259 8300 8304 8329 8343 8371 8398 8446 8489 8492 8495 8532 8620 8625 8652 8671 8708 8735 8777 8781 8796 8831 8840 8859 8905 8922 8937 8970 9010 9103 9109 9154 9238 9254 9261 9325 9338 9414 9429 9447 9497 9533 9544 9545 9574 9579 9628 9684 9695 9787 9806 9822 9843 9875 9927 10028 10130 10184 10231 10292 10334 10371 10428 10432 10470 10554 10586 10600 10607 10620 10666 10682 10763 10765 11261 11272 11294 11305 11315 11321 11342 11344 11351 11359 11361 11371 11383 11387 11388 11389 11394 11397 11398 11400 11401 11407 11408 11413 11420 11422 11425 11426 11428 11437 11439 11451 11460 11461 11464 11468 11470 11502 11507 11512 11516 
	}
	manpower = 100000
}