
state={
	id=264
	name="STATE_264"

	history={
		owner = MED
		add_core_of = MED
		buildings = {
			infrastructure = 1

		}

	}

	provinces={
		380 564 846 1950 2345 2367 2373 3624 4275 6781 7027 7073 7842 7872 7891 7969 7976 8003 8010 8072 8085 8091 8111 8134 8249 8339 8409 8479 8528 8582 8761 8797 8824 8832 9278 9548 9582 9591 9657 9714 9771 9900 10011 10033 10039 10060 10084 10112 10121 10253 10272 10288 10329 10375 10481 10489 10568 10579 10595 10624 10671 10703 10724 10767 10784 10794 11310 11314 11323 11336 11348 11354 11364 11365 11368 11373 11377 11378 11390 11403 11409 11433 11440 
	}
	manpower=100000
	buildings_max_level_factor=1.000
	state_category=town
	local_supplies=0.000
}
