
state={
	id=275
	name="STATE_275"

	history={
		owner = DPG
		add_core_of = DPG
		buildings = {
			infrastructure = 1

		}

	}

	provinces={
		7909 7961 8120 8123 8205 8225 8248 8266 8272 8279 8347 8384 8434 8472 8507 8619 8771 8784 8839 8884 8899 8952 8993 9071 9216 9221 9272 9301 9452 9550 9704 9772 9796 9893 9978 10049 10164 10206 10244 10301 10370 10396 10427 10440 10564 10610 10616 10721 10741 11508 11515 11528 11532 11536 11543 11553 11558 11563 11565 11567 11574 11576 11577 11584 11604 11616 
	}
	manpower=100000
	buildings_max_level_factor=1.000
	state_category=town
	local_supplies=0.000
}
