state = {
	id = 278
	name = "STATE_278"
	state_category = town
	resources = {
	}
	history = {
		owner = RUN
		add_core_of = RUN
		buildings = {
			infrastructure = 1
		}
	}
	provinces = {
		7904 7915 7922 8041 8060 8068 8077 8116 8143 8167 8209 8270 8273 8278 8358 8402 8432 8485 8526 8563 8578 8580 8630 8736 8764 8800 8829 8973 9025 9069 9090 9134 9200 9222 9232 9253 9321 9346 9359 9415 9498 9527 9642 9669 9720 9782 9809 9849 9942 9996 10012 10048 10135 10203 10214 10218 10249 10282 10322 10353 10391 10399 10407 10423 10424 10474 10511 10538 10597 10621 10626 10684 10754 10755 11545 11547 11549 11562 11594 11597 11605 11611 11619 11623 11630 11638 11642 11651 11661 11663 11674 11686 
	}
	manpower = 100000
}