
state={
	id=280
	name="STATE_280"

	history={
		owner = MED
		add_core_of = MED
		buildings = {
			infrastructure = 1

		}

	}

	provinces={
		594 7234 7852 7907 7910 7923 8242 8263 8265 8385 8394 8431 8469 8606 8647 8648 8664 8730 8802 8910 9211 9277 9368 9404 9424 9431 9453 9476 9508 9511 9566 9588 9681 9866 10100 10198 10462 10484 10514 10701 10731 10748 10753 10772 11557 11561 11570 11592 11615 11629 11634 11640 11643 11648 11669 11677 11679 11687 11694 11703 11707 
	}
	manpower=100000
	buildings_max_level_factor=1.000
	state_category=town
	local_supplies=0.000
}
