
state={
	id=284
	name="STATE_284"

	history={
		owner = KST
		add_core_of = KST
		buildings = {
			infrastructure = 1

		}

	}

	provinces={
		7898 7927 7998 8089 8099 8179 8190 8213 8243 8296 8349 8408 8441 8457 8494 8585 8632 8750 8828 8872 8911 8928 8987 9050 9067 9077 9100 9236 9250 9331 9363 9407 9505 9610 9696 9830 9835 9837 10144 10145 10153 10187 10236 10239 10383 10528 10569 10591 10627 10628 10639 10687 10691 10775 10778 11747 11753 11756 11758 11759 11762 11765 11771 11780 11781 11783 11786 11787 11788 11800 11809 11811 11821 11829 11836 
	}
	manpower=100000
	buildings_max_level_factor=1.000
	state_category=town
	local_supplies=0.000
}
