
state={
	id=286
	name="STATE_286"

	history={
		owner = MED
		add_core_of = MED
		buildings = {
			infrastructure = 1

		}

	}

	provinces={
		7868 7965 8006 8009 8049 8082 8090 8097 8165 8188 8251 8405 8433 8474 8515 8518 8530 8550 8642 8663 8747 8770 8885 8917 8931 8934 8978 8991 9060 9104 9149 9177 9201 9246 9258 9360 9362 9379 9417 9468 9486 9553 9572 9590 9621 9651 9702 9737 9758 9763 9794 9829 9880 9888 9889 9922 10051 10087 10110 10132 10192 10204 10208 10255 10293 10339 10348 10403 10425 10447 10456 10473 10518 10521 10524 10584 
	}
	manpower=100000
	buildings_max_level_factor=1.000
	state_category=town
	local_supplies=0.000
}
