state = {
	id = 295
	name = "STATE_295"
	state_category = town
	resources = {
	}
	history = {
		owner = RUN
		add_core_of = RUN
		buildings = {
			infrastructure = 1
		}
	}
	provinces = {
		7819 7825 7894 7908 7918 7950 7960 8008 8052 8064 8105 8130 8138 8203 8286 8337 8350 8374 8452 8467 8504 8529 8559 8591 8605 8661 8776 8782 8787 8861 8887 8890 8900 8916 8958 8984 9061 9228 9229 9312 9317 9474 9514 9594 9717 9734 9910 9934 9952 9960 10016 10022 10024 10096 10117 10140 10159 10267 10269 10279 10421 10487 10557 10576 10589 10605 11779 11785 11789 11792 11793 11794 11796 11797 11802 11803 11804 11807 11810 11812 11813 11817 11818 11822 11824 11828 11832 11833 11834 11837 11840 11842 11843 11844 11845 11846 11847 11848 11851 11853 11856 
	}
	manpower = 100000
}