state = {
	id = 299
	name = "STATE_299"
	state_category = town
	resources = {
	}
	history = {
		owner = HTH
		add_core_of = HTH
		buildings = {
			infrastructure = 1
		}
	}
	provinces = {
		7805 7942 7985 8044 8057 8065 8108 8125 8133 8216 8257 8283 8294 8368 8411 8448 8512 8540 8541 8556 8574 8577 8581 8602 8626 8640 8653 8703 8727 8780 8808 8942 8965 8982 8998 9003 9007 9008 9089 9121 9128 9142 9171 9173 9267 9283 9297 9306 9337 9349 9412 9420 9558 9599 9625 9644 9650 9665 9748 9785 9805 9807 9814 9925 9935 9999 10042 10190 10227 10303 10356 10386 10458 10478 10479 10512 10560 10599 10622 10631 10643 10653 10667 10668 10709 10716 11937 11942 11951 11959 11962 11973 11976 11977 11981 11984 11985 11986 12000 12004 12007 12011 12015 12018 12024 12031 12034 12035 12037 12038 12039 12046 12047 12048 12049 12054 12060 
	}
	manpower = 100000
}