
state={
	id=324
	name="STATE_324"

	history={
		owner = WND
		add_core_of = WND
		buildings = {
			infrastructure = 1

		}

	}

	provinces={
		7826 7853 7981 7984 8013 8016 8031 8043 8241 8280 8281 8295 8297 8303 8391 8401 8464 8525 8537 8610 8691 8707 8733 8854 8924 9086 9126 9230 9242 9342 9389 9438 9464 9487 9532 9557 9690 9749 9751 9759 9937 10037 10085 10120 10162 10194 10217 10237 10281 10359 10361 10372 10384 10412 10527 10535 10558 10566 10588 10633 10662 10695 10711 11826 11830 11854 11855 11860 11861 11867 11871 11872 11873 11874 11876 11880 11881 11885 11888 11890 11891 11897 
	}
	manpower=100000
	buildings_max_level_factor=1.000
	state_category=town
	local_supplies=0.000
}
