
state={
	id=326
	name="STATE_326"

	history={
		owner = MED
		add_core_of = MED
		buildings = {
			infrastructure = 1

		}

	}

	provinces={
		552 1092 7611 7613 7893 8083 8231 8320 8487 8600 8677 8690 8878 9042 9057 9099 9190 9333 9375 9442 9542 9552 9570 9609 9685 9747 9752 9876 9923 9939 9947 9969 9971 10044 10055 10074 10113 10185 10212 10220 10469 10476 10515 10575 10656 10745 10746 11652 11672 11673 11675 11682 11685 11689 11692 11695 
	}
	manpower=100000
	buildings_max_level_factor=1.000
	state_category=town
	local_supplies=0.000
}
