
state={
	id=328
	name="STATE_328"

	history={
		owner = KND
		add_core_of = KND
		buildings = {
			infrastructure = 1

		}

	}

	provinces={
		21 140 150 233 258 324 335 347 472 541 547 687 701 721 775 1001 1270 1368 1370 1400 1706 1712 1837 1874 2039 2094 2761 2804 3118 3397 3402 3415 3722 3745 4195 4738 5008 5160 7167 7203 7285 7308 7469 7541 7624 7659 7669 7816 7854 7919 7948 7974 8067 8078 8516 8646 8823 8877 8897 8930 8990 9066 9119 9151 9226 9367 9520 9615 9623 9846 9920 9993 10000 10013 10142 10156 10161 10191 10276 10363 10367 10416 10500 10587 10623 10730 10747 10773 10783 11588 11601 11602 11612 11614 11624 11631 11636 11653 11680 11691 11698 12113 12214 
	}
	manpower=100000
	buildings_max_level_factor=1.000
	state_category=town
	local_supplies=0.000
}
