
state={
	id=329
	name="STATE_329"

	history={
		owner = MED
		add_core_of = MED
		buildings = {
			infrastructure = 1

		}

	}

	provinces={
		7827 7885 7890 7936 7995 8033 8056 8098 8136 8198 8367 8430 8466 8573 8612 8762 8871 8939 9045 9058 9181 9195 9315 9448 9519 9525 9699 9973 9979 9988 9992 10046 10115 10133 10157 10158 10169 10175 10307 10690 10758 11700 11704 11721 11734 11736 11737 11739 11748 11750 11754 11755 11757 11761 11767 11768 11774 11778 
	}
	manpower=100000
	buildings_max_level_factor=1.000
	state_category=town
	local_supplies=0.000
}
