
state={
	id=332
	name="STATE_332"

	history={
		owner = MED
		add_core_of = MED
		buildings = {
			infrastructure = 1

		}

	}

	provinces={
		7838 7970 7979 8051 8121 8253 8344 8396 8496 8681 8725 8820 8863 8936 9015 9020 9059 9161 9166 9172 9323 9330 9335 9430 9454 9481 9573 9600 9757 9831 9953 9984 10050 10131 10197 10248 10327 10539 10590 10611 10676 11964 11967 11968 11978 11990 11991 11994 11995 11996 12010 12012 12016 12030 12041 
	}
	manpower=100000
	buildings_max_level_factor=1.000
	state_category=town
	local_supplies=0.000
}
