
state={
	id=256
	name="STATE_256"

	history={
		owner = RUN
		add_core_of = RUN
		buildings = {
			infrastructure = 1

		}

	}

	provinces={
		267 336 436 518 574 586 665 719 808 832 857 945 1142 1161 1217 1289 1362 1474 1906 1977 2092 2530 2584 2617 2688 2822 3408 4048 4099 4373 6316 6359 6394 6538 6579 6681 7068 7095 7929 8114 8127 8152 8459 8500 8505 8826 8833 8845 8866 8925 9022 9023 9164 9292 9339 9361 9366 9624 9770 9904 10245 10260 10320 10393 10499 10547 10789 10836 10855 10858 10869 10874 10875 10877 10884 10885 10892 11208 11234 11240 11496 11527 11546 12068 
	}
	manpower=100000
	buildings_max_level_factor=1.000
	state_category=town
	local_supplies=0.000
}
