
state={
	id=293
	name="STATE_293"

	history={
		owner = RUN
		add_core_of = RUN
		buildings = {
			infrastructure = 1

		}

	}

	provinces={
		981 1168 1559 1561 2167 3177 3726 3801 4018 7613 7829 7839 7845 7861 7870 7892 7913 7988 7991 8094 8171 8173 8191 8222 8256 8422 8437 8440 8465 8493 8514 8520 8570 8817 8849 8886 8914 8949 9001 9002 9011 9040 9053 9081 9113 9131 9139 9155 9183 9220 9262 9304 9384 9472 9478 9494 9499 9507 9556 9593 9617 9664 9676 9689 9722 9730 9778 9780 9820 9878 9899 9958 9963 9964 9989 10045 10057 10086 10149 10299 10324 10369 10457 10516 10532 10613 10640 10683 10704 10840 11089 11883 11884 11892 11904 11905 11906 11907 11910 11916 11919 11926 11929 11932 11936 11943 11949 11950 11956 11957 11960 11965 11970 11971 11972 11974 11979 11980 11987 11988 11997 11998 12001 12003 12006 12009 12017 12019 12020 12021 12026 12032 12042 12044 12051 12053 12057 12058 12059 
	}
	manpower=100000
	buildings_max_level_factor=1.000
	state_category=town
	local_supplies=0.000
}
