
state={
	id=268
	name="STATE_268"

	history={
		owner = RUN
		add_core_of = RUN
		buildings = {
			infrastructure = 1

		}

	}

	provinces={
		7903 8022 8046 8148 8149 8240 8463 8531 8575 8693 8753 8862 8880 8901 8997 9005 9041 9073 9120 9184 9191 9252 9340 9451 9480 9528 9541 9670 9691 9701 9708 9721 9735 9821 9823 9887 10123 10151 10186 10211 10268 10298 10305 10517 10634 10635 10693 10751 10768 10779 10787 11462 11485 11493 11517 11521 11535 11537 11542 11552 11560 11564 11566 
	}
	manpower=100000
	buildings_max_level_factor=1.000
	state_category=town
	local_supplies=0.000
}
