state = {
	id = 297
	name = "STATE_297"
	state_category = town
	resources = {
	}
	history = {
		owner = RUN
		add_core_of = RUN
		buildings = {
			infrastructure = 1
		}
	}
	provinces = {
		7874 7905 7947 7957 7987 8058 8081 8104 8150 8183 8192 8194 8207 8235 8284 8318 8328 8390 8450 8511 8548 8586 8613 8634 8654 8709 8893 8912 8915 8927 8935 8962 8976 8995 9013 9036 9038 9055 9178 9186 9223 9282 9311 9345 9489 9598 9631 9658 9671 9688 9726 9736 9776 9777 9798 9873 9902 9911 9962 9977 9982 9985 9990 10003 10081 10171 10195 10223 10246 10259 10338 10340 10343 10376 10454 10483 10542 10652 10657 10659 10713 11882 11886 11887 11889 11893 11894 11898 11899 11908 11909 11912 11914 11915 11918 11920 11921 11923 11924 11925 11927 11928 11931 11938 11940 11944 11945 11947 11948 11953 11955 11963 11966 11982 
	}
	manpower = 100000
}