state = {
	id = 248
	name = "STATE_248"
	state_category = town
	resources = {
	}
	history = {
		owner = RUN
		add_core_of = RUN
		buildings = {
			infrastructure = 1
		}
	}
	provinces = {
		7817 7820 7856 7889 7912 7954 7958 7959 8014 8040 8112 8137 8153 8162 8182 8196 8264 8271 8288 8292 8315 8355 8380 8381 8407 8439 8471 8480 8508 8584 8588 8592 8660 8667 8692 8705 8726 8746 8748 8775 8790 8803 8819 8830 8837 8855 8945 8950 9039 9068 9079 9083 9085 9110 9136 9167 9209 9212 9217 9241 9286 9295 9309 9332 9341 9351 9470 9502 9559 9567 9571 9578 9584 9634 9646 9686 9710 9746 9754 9801 9813 9841 9847 9858 9912 9930 9980 10007 10014 10047 10058 10080 10082 10116 10137 10152 10207 10247 10266 10310 10326 10344 10358 10392 10405 10417 10461 10465 10505 10543 10562 10581 10604 10617 10750 11063 11065 11074 11079 11083 11084 11086 11088 11093 11095 11096 11099 11100 11105 11108 11112 11113 11114 11122 11125 11128 11130 11131 11133 11134 11139 11140 11141 11143 11145 11147 11152 11153 11154 11158 11160 11161 11170 11171 11173 11174 11177 11180 11182 11184 11185 11191 11192 11194 11198 11201 11202 11205 11206 11209 11212 11213 11220 11230 11231 11232 11238 11241 11244 11253 11262 11267 11277 11298 
	}
	manpower = 100000
}